388
206
868
857
239
659
687
504
426
132
854
734
37
299
957
920
734
179
133
208
953
568
374
144
159
545
228
417
513
148
477
821
333
210
846
207
654
580
615
754
740
296
580
647
631
133
666
167
931
943
242
413
220
955
669
515
75
401
63
817
476
303
625
171
482
531
968
616
85
186
707
92
692
813
278
440
230
181
596
16
253
484
268
37
144
676
869
92
436
310
575
5
833
2
449
5
868
276
820
338
783
438
717
463
606
258
278
57
881
151
216
111
399
345
107
210
857
695
462
495
368
538
813
456
386
200
584
513
544
353
664
340
763
27
684
167
938
998
186
416
962
19
780
94
560
826
133
207
64
581
487
628
550
432
999
414
49
3
879
58
578
659
554
231
790
6
34
568
880
590
975
379
460
793
349
354
485
205
620
13
379
340
366
559
513
909
321
234
235
376
582
490
740
970
738
635
238
540
274
872
689
995
945
699
796
223
717
408
66
830
772
514
971
357
511
87
826
54
326
458
835
149
730
401
51
442
536
631
156
359
511
355
399
569
353
43
654
559
919
719
841
635
109
704
927
501
950
527
79
401
518
792
121
415
17
827
751
768
263
820
910
698
564
585
113
2
203
190
339
866
707
539
362
836
436
118
79
719
57
356
209
659
755
616
252
448
617
162
217
109
999
914
165
882
858
2
33
366
778
736
684
583
183
159
529
239
311
829
398
799
330
591
511
308
251
305
306
830
687
11
752
685
920
639
858
888
729
583
45
580
329
618
319
52
921
761
572
209
418
382
116
480
831
374
571
822
203
134
225
692
461
800
666
587
672
3
446
178
394
853
446
13
717
480
1
156
350
115
55
233
392
156
523
614
502
355
129
754
204
304
222
308
13
786
451
121
585
538
642
457
763
430
581
561
717
749
245
13
588
470
736
321
526
113
785
717
393
25
585
974
574
678
229
420
537
220
519
17
799
6
837
989
861
754
164
191
316
301
95
898
678
97
165
95
405
99
802
97
424
289
145
944
456
173
604
759
416
567
877
960
60
81
399
215
934
335
269
418
534
511
155
396
271
155
203
919
323
358
407
558
795
934
125
27
707
534
827
168
583
655
396
207
930
966
490
442
669
322
555
753
798
634
690
399
90
832
981
51
235
599
