4
2000 2.75
2100 0.25
12
1400 32 2 2
1300 72 3 1
1500 22 4 4
1200 22 6 2
1800 71 6 7
1900 55 4 4
1700 20 2 6
1220 19 4 3
1150 18 1 3
1380 0 3 3
1920 101 2 2
1550 13 2 1
5
2150 1 4 3 1.20
2405 2 2 1 2.30
1715 1 1 2 3.50
2200 4 3 1 2.60
2620 3 7 2 4.50
1100 1.55
1200 0.25
7
1100 32 2 2
1110 42 1 1
1700 22 2 4
1900 12 7 2
2100 51 1 2
2400 75 9 2
1800 30 1 1
6
1250 1 3 1 1.20
1095 2 1 2 2.30
2215 1 2 4 3.50
1000 4 2 2 2.60
2120 3 5 6 4.50
2220 2 5 1 2.70
1700 1.75
2300 0.55
8
1200 12 2 2
1100 22 3 1
1700 92 5 1
1350 22 6 2
1950 21 2 2
1150 35 4 3
1350 0 2 6
1950 70 6 2
14
2250 1 3 1 3.20
2005 2 2 3 1.30
1215 3 3 4 3.50
3000 4 2 3 6.60
2120 6 3 6 4.50
1100 2 5 3 1.70
1100 1 3 3 5.50
1250 4 2 3 1.30
1550 1 3 2 3.50
2345 2 1 1 4.40
1200 1 3 3 5.50
1150 3 2 3 2.30
1850 7 3 2 3.50
2245 3 1 1 1.40
3000 1.25
4500 0.15
6
1700 82 1 1
1900 22 2 1
1200 52 1 1
1700 12 3 1
1400 71 1 2
1999 35 3 2
9
2450 5 2 2 2.25
2605 2 2 3 2.30
1315 1 1 1 1.55
3200 2 2 2 2.60
2120 3 1 4 1.50
1100 3 3 3 2.75
1700 1 2 2 2.50
1450 1 1 3 2.30
1250 2 1 1 1.55